0.2	0.96861977	0.96576848	0.83846764	0.81661601	0.66937348	0.92961447
0.4	0.96442849	0.9613917	0.77512517	0.7939356	0.62726078	0.91877132
0.6	0.96274017	0.948797	0.72841083	0.79349593	0.57686578	0.88351882
0.8	0.95840291	0.9269029	0.68619923	0.76531996	0.09593763	0.84811467
1	0.9210028	0.87583515	0.62180778	0.75016694	0.03303447	0.20661258
1.2	0.85934503	0.78165248	0.09298271	0.67579357	0.01858223	0.17888924
1.4	0.798146	0.69850259	0.21705982	0.58038253	0.01403486	0.1690612
1.6	0.6196361	0.45358987	0.2554587	0.01978798	0.01598271	0.22279223
1.8	0.60878892	0.4292482	0.22067924	0.01937148	0.01493818	0.21290176
2	0.59866939	0.39384904	0.13712934	0.01905937	0.01362726	0.20095441
