0.1	0.18582786	0.13637845	0.04033773	0.00258105	0.00548332	0.10596443
0.2	0.18645041	0.13672491	0.04558414	0.00258158	0.00589769	0.10635167
0.3	0.18663772	0.13679792	0.05031426	0.00262669	0.00624773	0.10692324
0.4	0.18713136	0.13708485	0.05378554	0.00270463	0.00652224	0.10793026
0.5	0.18714899	0.13789728	0.05647347	0.0028944	0.00694755	0.10936958
0.6	0.18710822	0.13911708	0.05909083	0.00338659	0.00668534	0.11153739
0.7	0.18718755	0.14018993	0.06164727	0.00340127	0.00688619	0.11284973
0.8	0.18781341	0.14221612	0.06639575	0.00346346	0.00705587	0.11587395
0.9	0.18865303	0.14492452	0.06851518	0.00412247	0.00715077	0.12053914
1	0.18972624	0.14649217	0.07050937	0.00419801	0.00710431	0.11986737
1.1	0.19179995	0.14885365	0.07388424	0.00409231	0.00760614	0.11758109
1.2	0.19551542	0.15204104	0.07513982	0.00417665	0.0079209	0.11771312
1.3	0.19709659	0.15542608	0.09108629	0.00595109	0.00922291	0.12235972
1.4	0.19685529	0.15538655	0.09126224	0.00599353	0.00922217	0.12045911
1.5	0.21167312	0.18205666	0.1040087	0.01206339	0.01179005	0.13522603
1.6	0.20844797	0.17789919	0.0987578	0.01181463	0.01147492	0.1282317
1.7	0.20799401	0.17658824	0.09549905	0.01159816	0.01122065	0.12418093
1.8	0.20700453	0.17512057	0.09218836	0.01156347	0.01091868	0.12143966
1.9	0.205625	0.17229545	0.08723646	0.01150715	0.01027351	0.11552798
2	0.20504322	0.17088312	0.08320905	0.01147645	0.01012396	0.11209321
