0.1	0.97000332	0.96863811	0.89534427	0.84277497	0.7071186	0.94001057
0.2	0.96861977	0.96576848	0.83846764	0.81661601	0.66937348	0.92961447
0.3	0.96806899	0.96388104	0.80225351	0.80047177	0.64706109	0.9244365
0.4	0.96442849	0.9613917	0.77512517	0.7939356	0.62726078	0.91877132
0.5	0.963868	0.95633202	0.75331243	0.79396691	0.61032485	0.90724419
0.6	0.96274017	0.948797	0.72841083	0.79349593	0.57686578	0.88351882
0.7	0.96148578	0.9411267	0.70892061	0.78259534	0.53964237	0.86761029
0.8	0.95840291	0.9269029	0.68619923	0.76531996	0.09593763	0.84811467
0.9	0.94856424	0.90916994	0.66225892	0.76532382	0.04724505	0.82362072
1	0.9210028	0.87583515	0.62180778	0.75016694	0.03303447	0.20661258
1.1	0.89412423	0.81367983	0.56059413	0.68354882	0.02659878	0.19044987
1.2	0.85934503	0.78165248	0.09298271	0.67579357	0.01858223	0.17888924
1.3	0.80551915	0.71138488	0.28647838	0.59104525	0.01716762	0.1720919
1.4	0.798146	0.69850259	0.21705982	0.58038253	0.01403486	0.1690612
1.5	0.64701207	0.49025096	0.28111386	0.02019785	0.01664236	0.23127903
1.6	0.6196361	0.45358987	0.2554587	0.01978798	0.01598271	0.22279223
1.7	0.61778683	0.44385922	0.23633628	0.01941751	0.01532749	0.21658062
1.8	0.60878892	0.4292482	0.22067924	0.01937148	0.01493818	0.21290176
1.9	0.60136633	0.40608467	0.19983834	0.01908701	0.01395645	0.20724518
2	0.59866939	0.39384904	0.13712934	0.01905937	0.01362726	0.20095441
