1   0.16507516  0.697051984 0.15104626  0.709946195 0.153143895 0.730699888
2   0.164384344 0.741113795 0.158682921 0.747981802 0.154782414 0.731774832
3   0.18077817  0.767848711 0.171140808 0.750282095 0.163365901 0.730338192
4   0.175902457 0.745572622 0.165621941 0.734987081 0.162433985 0.721885871
5   0.16363417  0.725452039 0.153401841 0.720893203 0.079701037 0.661880689
6   0.17557618  0.741069532 0.093507396 0.647290696 0.070541391 0.696497584
7   0.096210817 0.659069954 0.067769072 0.701607473 0.069332005 0.755859346
8   0.118594657 0.676820067 0.120046219 0.605388495 0.108348904 0.574335601
9   0.168562932 0.692083467 0.157263042 0.651240415 0.149710894 0.645831225
10  0.152723574 0.676035875 0.148629688 0.660037661 0.149812265 0.641408321
11  0.154890209 0.695763797 0.156258909 0.67172234      
12  0.176685212 0.712167351             
