0.4 0.107177498 0.982917214 0.129889575 0.998012258 0.108213601 0.982602095 0.162397353  0.991670181
0.45    0.093113482 0.977817214 0.125584877 0.996840705 0.093980282 0.977977362 0.152959922    0.987881365
0.5 0.083414161 0.971799463 0.121093019 0.995325543 0.076516706 0.971368737 0.144503003  0.984257871
0.55    0.068380213 0.965047662 0.115665357 0.992618688 0.056226656 0.963459701 0.130898394    0.978324482
0.6 0.051891368 0.957123098 0.109676212 0.989711587 0.036340388 0.954803727 0.115332761  0.970549451
0.65    0.041707081 0.952513966 0.102376942 0.986078098 0.009791716 0.942419194 0.095109695    0.959373251
0.7 0.031522793 0.945933239 0.093954707 0.981522669 0.017530873 0.930234948 0.072680476  0.946983547
0.75    0.016488846 0.935114504 0.079169006 0.97311828  0.043642114 0.916965731 0.049883564    0.932757413
0.8 0.008729389 0.916829746 0.064944788 0.965026362 0.074161311 0.900563329 0.016423581  0.910888701
0.85    0.033947624 0.904116466 0.038367958 0.949711608 0.109660487 0.883446712 0.025738448    0.882375142
0.9 0.069350145 0.881709224 0.003930376 0.921645998 0.153470844 0.860283011 0.075989705  0.848653668
0.95    0.13385063  0.835946249 0.080853453 0.867033191 0.211447222 0.833155537 0.152837358    0.791232639
1   0.424830262 0.596964587 0.358787198 0.676007005 0.365119957 0.810949756 0.460840789  0.594453285
