0.4 0.094997022 0.984498232 0.161939992 0.988326848 0.112537764 0.987101154 0.094001791  0.987997818 0.0809123   0.986686762 0.099092646 0.984792527
0.45    0.082489577 0.981292985 0.151870119 0.985905442 0.103222558 0.984938384 0.074903014    0.980288728 0.060276948 0.980025608 0.090496657 0.986205386
0.5 0.074746873 0.979495705 0.140567201 0.984324324 0.093403827 0.981119042 0.065055207  0.977024377 0.050773826 0.976744186 0.084527221 0.983707618
0.55    0.062239428 0.976170451 0.131935882 0.982026144 0.08408862  0.978402229 0.051327962    0.970763554 0.039913114 0.973629243 0.079512894 0.9823048
0.6 0.047051817 0.970136519 0.120016441 0.978348624 0.074773414 0.974935582 0.039988063  0.967001435 0.031767581 0.971052632 0.073543457 0.980871886
0.65    0.034544372 0.96488198  0.106247431 0.972506038 0.065458207 0.971408318 0.034318114    0.965954991 0.02579419  0.970619375 0.066141356 0.977827548
0.7 0.027992853 0.961761298 0.088573777 0.774778176 0.055387714 0.967318702 0.028648165  0.965477227 0.018463209 0.969341509 0.054441261 0.971014493
0.75    0.015783204 0.956904134 0.064940403 0.952720957 0.038267875 0.957322987 0.014324082    0.959694028 0.007602498 0.963621665 0.0413085   0.964228388
0.8 0.000297796 0.945189157 0.035963831 0.937314025 0.020392749 0.943498643 0.001193674  0.952608048 0.00488732  0.955525239 0.017430755 0.949307674
0.85    0.019952353 0.92950471  0.003493629 0.913384203 0.008559919 0.92559675  0.015517756    0.939375568 0.020635352 0.943997782 0.010267431 0.931483715
0.9 0.049434187 0.906954887 0.049321825 0.883916991 0.046576032 0.89965672  0.042673829  0.920199501 0.046429541 0.924544419 0.050620821 0.901408451
0.95    0.099463967 0.870701058 0.137279079 0.82610767  0.120342397 0.840297653 0.09967174 0.880676168 0.089057833 0.895081967 0.146370583 0.845314685
1   0.412150089 0.77254306  0.45622688  0.713151927 0.426485398 0.711150132 0.408236347  0.770045386 0.368721151 0.799569892 0.444603629 0.701633706
