0.4	0.107246919	0.986567224	0.133154808	0.990866551
0.45	0.093876479	0.983109422	0.123886094	0.987513095
0.5	0.084845692	0.980402542	0.116336728	0.983794292
0.55	0.074836317	0.97721607	0.104981321	0.978663611
0.6	0.064523462	0.973724446	0.092300114	0.972461379
0.65	0.055417278	0.970533042	0.079731239	0.965988439
0.7	0.045584496	0.934948567	0.066052659	0.958146485
0.75	0.030371094	0.959082027	0.048513805	0.946996732
0.8	0.013361021	0.947240464	0.030032586	0.930914936
0.85	0.013071073	0.930557121	0.032684677	0.912067738
0.9	0.047509373	0.906113495	0.049756742	0.884002963
0.95	0.115364266	0.859696534	0.122513814	0.831404026
1	0.419403916	0.744682351	0.414819416	0.622474959
