0.2	0.18645041	0.13672491	0.04558414	0.00258158	0.00589769	0.10635167
0.4	0.18713136	0.13708485	0.05378554	0.00270463	0.00652224	0.10793026
0.6	0.18710822	0.13911708	0.05909083	0.00338659	0.00668534	0.11153739
0.8	0.18781341	0.14221612	0.06639575	0.00346346	0.00705587	0.11587395
1	0.18972624	0.14649217	0.07050937	0.00419801	0.00710431	0.11986737
1.2	0.19551542	0.15204104	0.07513982	0.00417665	0.0079209	0.11771312
1.4	0.19685529	0.15538655	0.09126224	0.00599353	0.00922217	0.12045911
1.6	0.20844797	0.17789919	0.0987578	0.01181463	0.01147492	0.1282317
1.8	0.20700453	0.17512057	0.09218836	0.01156347	0.01091868	0.12143966
2	0.20504322	0.17088312	0.08320905	0.01147645	0.01012396	0.11209321
