1    0.804300405    0.83581543    0.966086691    0.979187012    0.889556885    0.988067627
2    0.686481656    0.74331665    0.938757415    0.92773217    0.84602356    0.960510254
3    0.567740819    0.604947126    0.896164662    0.862581669    0.773296712    0.890189287
4    0.477553989    0.427816504    0.823905036    0.810564326    0.671899439    0.777595514
5    0.405350903    0.257499214    0.732516944    0.779573146    0.555322156    0.652320715
6    0.34754643    0.142970965    0.6582869    0.763353726    0.463363647    0.551818566
7    0.335696589    0.093224966    0.579218977    0.740679699    0.346960411    0.469231293
8    0.337742948    0.078717732    0.43383084    0.716713213    0.221251133    0.405564381
9    0.341352298    0.078072509    0.31398884    0.713744996    0.151320176    0.387937969
10    0.347617006    0.077845113    0.275650093    0.714741556    0.125513211    0.388303545
11    0.357924327    0.077688369    0.275484249    0.716706829    0.124402766    0.389598118
12    0.373909482    0.077418954    0.275457608    0.718068494    0.124395916    0.39164819
