1    0.11915792    0.193733195    0.169960409    0.02498762    0.11574795    0.193420083
2    0.154344912    0.217755666    0.191120862    0.039219376    0.138097883    0.220928835
3    0.193251837    0.243695065    0.219040647    0.060239179    0.164090222    0.257252093
4    0.236191032    0.26353091    0.252511148    0.093585493    0.192677313    0.298876157
5    0.280639479    0.27210413    0.292742421    0.14808864    0.220483741    0.342558901
6    0.306721565    0.273852724    0.344148857    0.230626516    0.247798528    0.391308514
7    0.311372431    0.274246164    0.402119866    0.324397434    0.271124873    0.439955169
8    0.313309532    0.274411393    0.440525187    0.386685307    0.283256468    0.468025138
9    0.316270279    0.274416476    0.454322831    0.40963065    0.289071278    0.473196458
10    0.321288959    0.274416476    0.456998102    0.4202363    0.293995101    0.474755597
11    0.329575403    0.274416476    0.457644407    0.428635583    0.295085007    0.47659294
12    0.343195905    0.274416476    0.458137912    0.436377639    0.295232368    0.478916561
