1    0.027662354    0.011898747    0.003269802    0.007568651    0.002658293    0.009203044
2    0.046104281    0.021163851    0.006344134    0.014341421    0.005056401    0.01789274
3    0.073850233    0.034446759    0.011951945    0.026657992    0.009243333    0.033165296
4    0.12035214    0.048607693    0.021075033    0.049561617    0.016062019    0.057939356
5    0.180535177    0.056955671    0.036122282    0.091158294    0.026375363    0.097035737
6    0.217050342    0.058858567    0.063665014    0.169500173    0.042349103    0.159063408
7    0.223492745    0.059350365    0.110926982    0.277212502    0.061094858    0.234844055
8    0.22610143    0.059582362    0.163815977    0.355765971    0.074953474    0.28141441
9    0.230153788    0.059590182    0.192753455    0.383606226    0.082811893    0.289909965
10    0.237227463    0.059590182    0.199354945    0.39617331    0.086205779    0.292271768
11    0.24891403    0.059590182    0.20048438    0.405789926    0.086448909    0.295224803
12    0.268123343    0.059590182    0.20129158    0.414676002    0.086621271    0.299103629
