1	0.16507516	0.697051984	0.151358987	0.709946195	0.153750304	0.730699888
2	0.164384344	0.741113795	0.159007597	0.747981802	0.155557558	0.731774832
3	0.18077817	0.767848711	0.171658752	0.750282095	0.165063654	0.730338192
4	0.175902457	0.745572622	0.166848413	0.734987081	0.163973188	0.721885871
5	0.16363417	0.725452039	0.15377168	0.720893203	0.080728835	0.661880689
6	0.17557618	0.741069532	0.094367584	0.647290696	0.075416732	0.696497584
7	0.096210817	0.659069954	0.071223179	0.701607473	0.072139491	0.755859346
8	0.118594657	0.676820067	0.119291515	0.605388495	0.10837231	0.574335601
9	0.168562932	0.692083467	0.15843741	0.651240415	0.151946497	0.645831225
10	0.152723574	0.676035875	0.149914604	0.660037661	0.150714307	0.641408321
11	0.154890209	0.695763797	0.15598465	0.67172234		
12	0.176685212	0.712167351				
